16980
1547
10198
21636
10442
4498
15289
15161
30962
12520
25482
23510
31314
23738
15530
9105
22142
31225
9950
22763
32648
8297
5623
1319
11201
23730
1960
12184
27844
31043
16696
11137
851
14589
30727
23786
22705
20381
24645
26911
27405
8327
22584
3741
10344
27037
21425
5676
29813
4644
17272
25441
18339
32629
21977
4671
8092
20377
20039
15422
21110
5517
10680
18176
10081
24081
5973
10671
23918
20355
8228
15774
15863
16450
22608
6650
23529
23900
5019
27939
8409
6254
3997
6971
19242
30219
12370
22786
29463
11290
12694
21842
2274
16248
31968
1223
30865
9783
10996
29429
15494
18299
17309
21151
24346
13596
25759
32140
9352
28527
31544
9802
6001
19883
6749
14406
13982
6223
11138
13646
18709
29769
21
16433
9255
14030
2824
26127
19229
20920
19165
7338
17736
19196
18018
14900
19375
11829
20761
10304
827
24620
25687
23378
28033
4814
12457
26987
4728
17758
20875
16752
5177
25075
20118
20570
30928
17590
7722
27794
9243
20811
2425
32109
9309
4780
9135
13593
26980
28368
19843
737
6211
8147
23708
19324
2816
19112
5030
27025
11908
7473
20929
750
11726
1916
12622
21981
13240
1087
3331
1028
29404
15776
9133
23946
30956
20043
13293
9302
17591
22662
27285
18989
25957
19909
32130
2593
17429
430
13207
29829
21422
8200
27381
31761
32060
22256
9444
11795
32215
28818
6108
2282
16738
28610
31007
21884
13257
24091
10187
15536
29967
18872
28499
30864
13557
15120
3182
7982
23494
22086
8273
14632
10235
10435
25954
24214
3811
22445
8660
25333
20279
22620
11331
14457
31576
27008
29523
12448
12269
5374
20255
16913
20366
12605
22124
22733
31883
31702
24881
14460
4119
11317
6234
18234
4978
10699
14680
18556
29982
6991
1416
21288
14544
26088
4871
15737
9817
20581
4634
17482
25806
7406
17376
31201
13872
24533
8325
15047
25052
26283
12019
20345
5991
15363
1056
16422
6096
5552
8136
30105
14204
15716
20609
